Found 5 regions:
Area 0: cx=994, cy=943, area=3916820.5
<polygon id="region-0" points="0.0,0.0 0.0,99.95 61.11,99.95 61.15,92.66 75.31,78.62 99.95,78.57 99.95,0.0" class="explore-region-box" stroke="transparent" stroke-width="0" fill="transparent" />
Area 1: cx=885, cy=1309, area=469112.0
<polygon id="region-1" points="67.59,29.12 70.73,41.32 68.49,49.16 65.49,50.3 65.4,65.53 59.87,70.73 57.58,68.2 55.43,72.62 54.62,69.3 52.43,72.67 45.95,72.72 44.85,69.94 45.71,74.7 39.99,79.96 34.13,74.8 31.6,80.8 26.93,79.86 25.17,84.18 22.12,84.18 22.02,80.01 19.78,79.46 23.31,75.99 15.25,75.1 20.35,82.34 15.63,92.36 11.92,94.3 8.96,92.36 9.2,82.69 7.1,83.68 6.39,77.08 14.01,74.85 14.73,71.73 23.78,65.67 40.42,65.23 44.85,54.12 48.33,53.17 47.62,57.84 57.24,49.85 60.49,41.57 59.82,34.18 62.01,30.11 64.16,32.59 66.11,31.2 63.92,31.35 64.63,28.47" class="explore-region-box" stroke="transparent" stroke-width="0" fill="transparent" />
Area 2: cx=1738, cy=1822, area=293547.0
<polygon id="region-2" points="61.73,93.2 61.73,99.95 99.95,99.95 99.95,79.22 75.83,79.22" class="explore-region-box" stroke="transparent" stroke-width="0" fill="transparent" />
Area 3: cx=1519, cy=351, area=120789.0
<polygon id="region-3" points="88.47,15.92 87.7,17.41 82.7,20.29 78.84,20.68 76.31,23.71 75.55,26.64 68.59,22.47 65.16,24.11 63.58,22.42 62.73,23.81 64.39,24.55 66.4,27.38 63.82,27.58 61.92,29.76 60.63,29.22 61.06,26.04 59.72,24.31 60.06,21.58 62.92,19.44 62.54,17.16 66.06,18.15 67.02,17.21 66.78,14.93 68.11,13.44 68.78,9.72 68.45,4.02 70.35,3.57 74.79,9.72 80.65,13.44 81.98,13.39 84.6,11.06 83.65,14.73 84.89,17.36" class="explore-region-box" stroke="transparent" stroke-width="0" fill="transparent" />
Area 4: cx=1522, cy=348, area=85269.0
<polygon id="region-4" points="83.65,12.7 82.08,14.19 77.45,13.0 73.55,9.57 69.97,4.37 69.02,4.91 69.4,9.97 68.68,13.94 67.4,15.38 67.49,17.96 65.87,18.85 63.11,17.71 63.58,19.89 60.63,22.12 60.34,23.86 61.73,25.89 61.25,28.77 62.39,28.47 63.54,26.69 65.63,26.93 62.11,24.31 63.25,21.73 64.54,21.88 65.49,23.21 68.78,21.78 75.17,25.74 75.74,23.16 78.46,19.99 81.84,19.69 85.13,18.06 84.08,17.66 82.98,14.98" class="explore-region-box" stroke="transparent" stroke-width="0" fill="transparent" />
